251367 2
853149 2
752189 2
1839752 1
173259468 0
195738 2
156327 2
19352 1
1395748 1
19372 1
154723 2
15342 1
15328476 2
39142 1
153287964 0
751468293 1
15329674 2
153284697 0
153274698 0
957826431 1
15324798 2
153278 2
15328496 2
153247869 0
3894125 1
35946 1
193285476 0
759482 1
15328674 2
75918 1
153286479 0
153296478 0
1532649 1
153267894 0
153268 2
367584 2
758932146 0
627498531 1
65138297 2
15639287 2
752148963 0
75349126 2
943125786 1
65783142 2
851746329 0
15326948 2
25391 1
65349 1
15326978 2
254731986 1
123578 2
153269874 0
153284679 1
153269847 0
153269478 0